human check label
[1, 1, 2, 0, 1, 1, 1, 2, 0, 0, 0, 2, 0, 0, 2, 0, 2, 0, 2, 0, 0, 0, 0, 0, 1, 0, 0, 1, 0, 0, 0, 2, 2, 1, 0, 1, 0, 1, 0, 0, 0, 0, 0, 0, 1, 0, 0, 2, 1, 0, 0, 0, 0, 1, 0, 0, 0, 0, 2, 0]
gold label
[1, 2, 2, 2, 1, 0, 2, 2, 0, 1, 1, 0, 0, 0, 2, 2, 2, 0, 2, 0, 1, 1, 0, 1, 1, 0, 1, 2, 1, 1, 0, 2, 1, 2, 0, 1, 0, 0, 1, 2, 1, 2, 2, 1, 2, 0, 0, 2, 1, 0, 2, 1, 0, 2, 1, 0, 0, 1, 2, 0]              precision    recall  f1-score   support

           0       0.46      0.85      0.60        20
           1       0.38      0.25      0.30        20
           2       0.80      0.40      0.53        20

    accuracy                           0.50        60
   macro avg       0.55      0.50      0.48        60
weighted avg       0.55      0.50      0.48        60